[gd_scene load_steps=24 format=3 uid="uid://bphtud6jnbq3q"]

[ext_resource type="PackedScene" uid="uid://cdh1u0k3q06hp" path="res://Assets/Modules/TopDownFollowCamera/top_down_follow_camera.tscn" id="2_wl120"]
[ext_resource type="Environment" uid="uid://6gl7dhw5onhh" path="res://Assets/Resources/Environments/world_environment.tres" id="3_2cqpq"]
[ext_resource type="PackedScene" uid="uid://dwd7wnt8giurh" path="res://Assets/Scenes/Levels/Forest/forest.tscn" id="4_m7uc7"]
[ext_resource type="PackedScene" uid="uid://bbhqfwlkaq3sm" path="res://Assets/Scenes/Pickups/SoulFragments/soul_fragment.tscn" id="5_yfatx"]
[ext_resource type="PackedScene" uid="uid://4wdtwhly04em" path="res://Assets/Scenes/Pickups/Coins/coin.tscn" id="6_hxcah"]
[ext_resource type="PackedScene" uid="uid://b1v0h8xeuwgs" path="res://Assets/Scenes/Wackables/WackableObjects/tombstone.tscn" id="7_rjd1u"]
[ext_resource type="PackedScene" uid="uid://bvjcjkb5gqxl4" path="res://Assets/Scenes/NPC/NPCObjects/test_npc.tscn" id="8_aelus"]
[ext_resource type="PackedScene" uid="uid://xfwuk15bhq2l" path="res://Assets/Scenes/Wackables/WackableObjects/jackoolantern.tscn" id="8_ulieu"]
[ext_resource type="PackedScene" uid="uid://ch5fbhoxrwglk" path="res://Assets/Modules/GrassPatch/grass_patch.tscn" id="9_fxuqm"]
[ext_resource type="PackedScene" uid="uid://ry8gnnt30x5k" path="res://Assets/Scenes/Characters/Player/player.tscn" id="10_5sbqd"]
[ext_resource type="PackedScene" uid="uid://brheubs2nlrcn" path="res://Assets/Scenes/Objects/fence.tscn" id="10_27h8c"]
[ext_resource type="PackedScene" uid="uid://dbt27hk5nagxj" path="res://Assets/Scenes/PlayerReset/player_reset.tscn" id="10_yg0uw"]
[ext_resource type="PackedScene" uid="uid://thcdge1c58xk" path="res://Assets/Scenes/Objects/tree.tscn" id="11_6dgak"]
[ext_resource type="PackedScene" uid="uid://ci2oqt8gu7o4s" path="res://Assets/Scenes/Objects/streetlight.tscn" id="12_jgbdd"]
[ext_resource type="PackedScene" uid="uid://bkm3oqxe1qylx" path="res://ExternalAssets/Models/KayKit Spooktober Seasonal Pack 1.1/Models/gltf/pathCobbled.gltf.glb" id="13_cocpk"]
[ext_resource type="PackedScene" uid="uid://cxsn0nvhbduut" path="res://Assets/Scenes/Objects/coffin.tscn" id="14_5gbna"]
[ext_resource type="PackedScene" uid="uid://bk5731lbkrnmr" path="res://Assets/Scenes/Objects/log_1.tscn" id="15_h0ckr"]
[ext_resource type="PackedScene" uid="uid://cn26ou6b7sh62" path="res://Assets/Scenes/Objects/log_2.tscn" id="16_iydxy"]
[ext_resource type="PackedScene" uid="uid://bpqorw00lxnwd" path="res://Assets/Scenes/Objects/rock_large.tscn" id="18_hr7gm"]
[ext_resource type="PackedScene" uid="uid://cjs3ibwpncajt" path="res://Assets/Scenes/Objects/rock_meduim.tscn" id="19_s8wm4"]

[sub_resource type="CameraAttributesPractical" id="CameraAttributesPractical_tsr71"]
dof_blur_far_enabled = true
dof_blur_far_distance = 37.0
dof_blur_near_enabled = true
dof_blur_near_distance = 16.5

[sub_resource type="Gradient" id="Gradient_jmrka"]
interpolation_mode = 2
offsets = PackedFloat32Array(0.229698, 0.965197)
colors = PackedColorArray(0.116519, 0.158203, 0, 1, 1, 0.725645, 0, 1)

[sub_resource type="GradientTexture1D" id="GradientTexture1D_6n5q4"]
gradient = SubResource("Gradient_jmrka")

[node name="World" type="Node3D"]

[node name="WorldEnvironment" type="WorldEnvironment" parent="."]
environment = ExtResource("3_2cqpq")

[node name="Camera" parent="." instance=ExtResource("2_wl120")]
transform = Transform3D(1, 0, 0, 0, 0.866026, 0.5, 0, -0.5, 0.866026, 0, 13, 16)
attributes = SubResource("CameraAttributesPractical_tsr71")
far = 120.0
target_node = NodePath("../Player")
peek_angle = 10.0

[node name="Player" parent="." instance=ExtResource("10_5sbqd")]
transform = Transform3D(1, 0, 0, 0, 1, 0, 0, 0, 1, 0, 3, 0)

[node name="Lights" type="Node3D" parent="."]

[node name="Sun" type="DirectionalLight3D" parent="Lights"]
transform = Transform3D(0.707107, -0.353554, 0.612372, 0, 0.866026, 0.5, -0.707107, -0.353554, 0.612372, 0, 0, 0)
light_color = Color(0.654902, 0.482353, 0.807843, 1)
light_energy = 2.4
light_volumetric_fog_energy = 5.0
light_bake_mode = 1
shadow_enabled = true
shadow_blur = 1.2
directional_shadow_mode = 0
directional_shadow_split_1 = 0.441
directional_shadow_split_2 = 0.605
directional_shadow_split_3 = 0.814
directional_shadow_blend_splits = true
directional_shadow_fade_start = 0.404
directional_shadow_max_distance = 300.0
sky_mode = 1

[node name="Forest" parent="." instance=ExtResource("4_m7uc7")]
transform = Transform3D(1, 0, 0, 0, 1, 0, 0, 0, 1, 0, -0.0447741, 0)

[node name="Fragments" type="Node3D" parent="."]

[node name="SoulFragment" parent="Fragments" instance=ExtResource("5_yfatx")]
transform = Transform3D(1, 0, 0, 0, 1, 0, 0, 0, 1, -1.06111, 3.73285, -8.74907)

[node name="SoulFragment2" parent="Fragments" instance=ExtResource("5_yfatx")]
transform = Transform3D(1, 0, 0, 0, 1, 0, 0, 0, 1, 23.5697, 5.74054, 18.9043)

[node name="SoulFragment3" parent="Fragments" instance=ExtResource("5_yfatx")]
transform = Transform3D(1, 0, 0, 0, 1, 0, 0, 0, 1, 21.1313, 5.69899, -22.1811)

[node name="SoulFragment4" parent="Fragments" instance=ExtResource("5_yfatx")]
transform = Transform3D(1, 0, 0, 0, 1, 0, 0, 0, 1, -25.8003, 4.93343, -23.4222)

[node name="Coins" type="Node3D" parent="."]

[node name="Coin" parent="Coins" instance=ExtResource("6_hxcah")]
transform = Transform3D(1, 0, 0, 0, 1, 0, 0, 0, 1, 0, 2.01209, -4.29669)
_respawns = true

[node name="Coin2" parent="Coins" instance=ExtResource("6_hxcah")]
transform = Transform3D(1, 0, 0, 0, 1, 0, 0, 0, 1, -3.24172, 2.01209, 0.661876)
_respawns = true

[node name="Coin3" parent="Coins" instance=ExtResource("6_hxcah")]
transform = Transform3D(1, 0, 0, 0, 1, 0, 0, 0, 1, -17.4593, 2.01209, 2.87073)
_respawns = true

[node name="Coin4" parent="Coins" instance=ExtResource("6_hxcah")]
transform = Transform3D(1, 0, 0, 0, 1, 0, 0, 0, 1, -18.6922, 2.01209, 3.73902)
_respawns = true

[node name="Coin5" parent="Coins" instance=ExtResource("6_hxcah")]
transform = Transform3D(1, 0, 0, 0, 1, 0, 0, 0, 1, -19.6405, 2.01209, 4.76961)
_respawns = true

[node name="Coin6" parent="Coins" instance=ExtResource("6_hxcah")]
transform = Transform3D(1, 0, 0, 0, 1, 0, 0, 0, 1, -22.108, 2.01209, 5.52353)
_respawns = true

[node name="Coin7" parent="Coins" instance=ExtResource("6_hxcah")]
transform = Transform3D(1, 0, 0, 0, 1, 0, 0, 0, 1, -20.7463, 2.01209, 6.48117)
_respawns = true

[node name="Coin8" parent="Coins" instance=ExtResource("6_hxcah")]
transform = Transform3D(1, 0, 0, 0, 1, 0, 0, 0, 1, -23.7911, 2.01209, 6.10533)
_respawns = true

[node name="Coin9" parent="Coins" instance=ExtResource("6_hxcah")]
transform = Transform3D(1, 0, 0, 0, 1, 0, 0, 0, 1, -25.2728, 2.01209, 11.7514)
_respawns = true

[node name="Coin10" parent="Coins" instance=ExtResource("6_hxcah")]
transform = Transform3D(1, 0, 0, 0, 1, 0, 0, 0, 1, -27.1349, 2.01209, 13.0515)
_respawns = true

[node name="Coin11" parent="Coins" instance=ExtResource("6_hxcah")]
transform = Transform3D(1, 0, 0, 0, 1, 0, 0, 0, 1, -27.1349, 2.01209, 16.3779)
_respawns = true

[node name="Coin12" parent="Coins" instance=ExtResource("6_hxcah")]
transform = Transform3D(1, 0, 0, 0, 1, 0, 0, 0, 1, -27.1349, 2.01209, 22.3123)
_respawns = true

[node name="Coin63" parent="Coins" instance=ExtResource("6_hxcah")]
transform = Transform3D(1, 0, 0, 0, 1, 0, 0, 0, 1, -27.1349, 5.12194, 22.3123)
_respawns = true

[node name="Coin64" parent="Coins" instance=ExtResource("6_hxcah")]
transform = Transform3D(1, 0, 0, 0, 1, 0, 0, 0, 1, -25.2348, 5.12194, 22.3123)
_respawns = true

[node name="Coin65" parent="Coins" instance=ExtResource("6_hxcah")]
transform = Transform3D(1, 0, 0, 0, 1, 0, 0, 0, 1, -1.64101, 4.53307, 22.3123)
_respawns = true

[node name="Coin107" parent="Coins" instance=ExtResource("6_hxcah")]
transform = Transform3D(1, 0, 0, 0, 1, 0, 0, 0, 1, -1.64101, 5.79363, 26.6156)
_respawns = true

[node name="Coin108" parent="Coins" instance=ExtResource("6_hxcah")]
transform = Transform3D(1, 0, 0, 0, 1, 0, 0, 0, 1, -1.64101, 4.8363, 26.6156)
_respawns = true

[node name="Coin109" parent="Coins" instance=ExtResource("6_hxcah")]
transform = Transform3D(1, 0, 0, 0, 1, 0, 0, 0, 1, -1.64101, 3.77056, 26.6156)
_respawns = true

[node name="Coin110" parent="Coins" instance=ExtResource("6_hxcah")]
transform = Transform3D(1, 0, 0, 0, 1, 0, 0, 0, 1, -8.33096, 3.77056, 26.6156)
_respawns = true

[node name="Coin111" parent="Coins" instance=ExtResource("6_hxcah")]
transform = Transform3D(1, 0, 0, 0, 1, 0, 0, 0, 1, -5.71857, 3.77056, 8.36804)
_respawns = true

[node name="Coin112" parent="Coins" instance=ExtResource("6_hxcah")]
transform = Transform3D(1, 0, 0, 0, 1, 0, 0, 0, 1, -5.71857, 5.47759, 8.36804)
_respawns = true

[node name="Coin113" parent="Coins" instance=ExtResource("6_hxcah")]
transform = Transform3D(1, 0, 0, 0, 1, 0, 0, 0, 1, -5.71857, 0.18563, -27.7321)
_respawns = true

[node name="Coin114" parent="Coins" instance=ExtResource("6_hxcah")]
transform = Transform3D(1, 0, 0, 0, 1, 0, 0, 0, 1, -0.45813, 3.45133, -33.3178)
_respawns = true

[node name="Coin115" parent="Coins" instance=ExtResource("6_hxcah")]
transform = Transform3D(1, 0, 0, 0, 1, 0, 0, 0, 1, -0.45813, 2.67525, -33.3178)
_respawns = true

[node name="Coin116" parent="Coins" instance=ExtResource("6_hxcah")]
transform = Transform3D(1, 0, 0, 0, 1, 0, 0, 0, 1, 8.59485, 5.46999, -25.2847)
_respawns = true

[node name="Coin117" parent="Coins" instance=ExtResource("6_hxcah")]
transform = Transform3D(1, 0, 0, 0, 1, 0, 0, 0, 1, 8.59485, 5.46999, -27.7203)
_respawns = true

[node name="Coin118" parent="Coins" instance=ExtResource("6_hxcah")]
transform = Transform3D(1, 0, 0, 0, 1, 0, 0, 0, 1, 8.59485, 5.24561, -30.6018)
_respawns = true

[node name="Coin119" parent="Coins" instance=ExtResource("6_hxcah")]
transform = Transform3D(1, 0, 0, 0, 1, 0, 0, 0, 1, 8.59485, 5.24561, -33.3782)
_respawns = true

[node name="Coin120" parent="Coins" instance=ExtResource("6_hxcah")]
transform = Transform3D(1, 0, 0, 0, 1, 0, 0, 0, 1, 8.59485, 5.24561, -35.5574)
_respawns = true

[node name="Coin123" parent="Coins" instance=ExtResource("6_hxcah")]
transform = Transform3D(1, 0, 0, 0, 1, 0, 0, 0, 1, 15.3356, 5.24561, -35.5574)
_respawns = true

[node name="Coin124" parent="Coins" instance=ExtResource("6_hxcah")]
transform = Transform3D(1, 0, 0, 0, 1, 0, 0, 0, 1, 16.0637, 5.24561, -35.5574)
_respawns = true

[node name="Coin125" parent="Coins" instance=ExtResource("6_hxcah")]
transform = Transform3D(1, 0, 0, 0, 1, 0, 0, 0, 1, 15.7021, 5.24561, -36.1155)
_respawns = true

[node name="Coin126" parent="Coins" instance=ExtResource("6_hxcah")]
transform = Transform3D(1, 0, 0, 0, 1, 0, 0, 0, 1, 15.7021, 5.24561, -34.9255)
_respawns = true

[node name="Coin127" parent="Coins" instance=ExtResource("6_hxcah")]
transform = Transform3D(1, 0, 0, 0, 1, 0, 0, 0, 1, 15.7021, 5.59962, -35.4995)
_respawns = true

[node name="Coin128" parent="Coins" instance=ExtResource("6_hxcah")]
transform = Transform3D(1, 0, 0, 0, 1, 0, 0, 0, 1, 15.7021, 5.06843, -35.4995)
_respawns = true

[node name="Coin129" parent="Coins" instance=ExtResource("6_hxcah")]
transform = Transform3D(1, 0, 0, 0, 1, 0, 0, 0, 1, 45.6831, 4.15638, -23.1974)
_respawns = true

[node name="Coin130" parent="Coins" instance=ExtResource("6_hxcah")]
transform = Transform3D(1, 0, 0, 0, 1, 0, 0, 0, 1, 46.4112, 4.15638, -23.1974)
_respawns = true

[node name="Coin131" parent="Coins" instance=ExtResource("6_hxcah")]
transform = Transform3D(1, 0, 0, 0, 1, 0, 0, 0, 1, 46.0495, 4.15638, -23.7555)
_respawns = true

[node name="Coin132" parent="Coins" instance=ExtResource("6_hxcah")]
transform = Transform3D(1, 0, 0, 0, 1, 0, 0, 0, 1, 46.0495, 4.15638, -22.5656)
_respawns = true

[node name="Coin133" parent="Coins" instance=ExtResource("6_hxcah")]
transform = Transform3D(1, 0, 0, 0, 1, 0, 0, 0, 1, 46.0495, 4.51038, -23.1395)
_respawns = true

[node name="Coin134" parent="Coins" instance=ExtResource("6_hxcah")]
transform = Transform3D(1, 0, 0, 0, 1, 0, 0, 0, 1, 46.0495, 3.97919, -23.1395)
_respawns = true

[node name="Coin135" parent="Coins" instance=ExtResource("6_hxcah")]
transform = Transform3D(1, 0, 0, 0, 1, 0, 0, 0, 1, 53.9556, 4.15638, -1.61195)
_respawns = true

[node name="Coin136" parent="Coins" instance=ExtResource("6_hxcah")]
transform = Transform3D(1, 0, 0, 0, 1, 0, 0, 0, 1, 54.6837, 4.15638, -1.61195)
_respawns = true

[node name="Coin137" parent="Coins" instance=ExtResource("6_hxcah")]
transform = Transform3D(1, 0, 0, 0, 1, 0, 0, 0, 1, 54.322, 4.15638, -2.17005)
_respawns = true

[node name="Coin138" parent="Coins" instance=ExtResource("6_hxcah")]
transform = Transform3D(1, 0, 0, 0, 1, 0, 0, 0, 1, 54.322, 4.15638, -0.98011)
_respawns = true

[node name="Coin139" parent="Coins" instance=ExtResource("6_hxcah")]
transform = Transform3D(1, 0, 0, 0, 1, 0, 0, 0, 1, 54.322, 4.51038, -1.55408)
_respawns = true

[node name="Coin140" parent="Coins" instance=ExtResource("6_hxcah")]
transform = Transform3D(1, 0, 0, 0, 1, 0, 0, 0, 1, 54.322, 3.97919, -1.55408)
_respawns = true

[node name="Coin141" parent="Coins" instance=ExtResource("6_hxcah")]
transform = Transform3D(1, 0, 0, 0, 1, 0, 0, 0, 1, -31.2862, 4.68436, -0.337593)
_respawns = true

[node name="Coin142" parent="Coins" instance=ExtResource("6_hxcah")]
transform = Transform3D(1, 0, 0, 0, 1, 0, 0, 0, 1, -30.5581, 4.68436, -0.337593)
_respawns = true

[node name="Coin143" parent="Coins" instance=ExtResource("6_hxcah")]
transform = Transform3D(1, 0, 0, 0, 1, 0, 0, 0, 1, -30.9197, 4.68436, -0.895699)
_respawns = true

[node name="Coin144" parent="Coins" instance=ExtResource("6_hxcah")]
transform = Transform3D(1, 0, 0, 0, 1, 0, 0, 0, 1, -30.9197, 4.68436, 0.294243)
_respawns = true

[node name="Coin145" parent="Coins" instance=ExtResource("6_hxcah")]
transform = Transform3D(1, 0, 0, 0, 1, 0, 0, 0, 1, -30.9197, 5.03837, -0.279732)
_respawns = true

[node name="Coin146" parent="Coins" instance=ExtResource("6_hxcah")]
transform = Transform3D(1, 0, 0, 0, 1, 0, 0, 0, 1, -30.9197, 4.50718, -0.279732)
_respawns = true

[node name="Coin147" parent="Coins" instance=ExtResource("6_hxcah")]
transform = Transform3D(1, 0, 0, 0, 1, 0, 0, 0, 1, -45.1224, 2.39869, 14.5397)
_respawns = true

[node name="Coin148" parent="Coins" instance=ExtResource("6_hxcah")]
transform = Transform3D(1, 0, 0, 0, 1, 0, 0, 0, 1, -44.3943, 2.39869, 14.5397)
_respawns = true

[node name="Coin149" parent="Coins" instance=ExtResource("6_hxcah")]
transform = Transform3D(1, 0, 0, 0, 1, 0, 0, 0, 1, -44.756, 2.39869, 13.9816)
_respawns = true

[node name="Coin150" parent="Coins" instance=ExtResource("6_hxcah")]
transform = Transform3D(1, 0, 0, 0, 1, 0, 0, 0, 1, -44.756, 2.39869, 15.1716)
_respawns = true

[node name="Coin151" parent="Coins" instance=ExtResource("6_hxcah")]
transform = Transform3D(1, 0, 0, 0, 1, 0, 0, 0, 1, -44.756, 2.75269, 14.5976)
_respawns = true

[node name="Coin152" parent="Coins" instance=ExtResource("6_hxcah")]
transform = Transform3D(1, 0, 0, 0, 1, 0, 0, 0, 1, -44.756, 2.2215, 14.5976)
_respawns = true

[node name="Coin121" parent="Coins" instance=ExtResource("6_hxcah")]
transform = Transform3D(1, 0, 0, 0, 1, 0, 0, 0, 1, 8.59485, 5.15586, -37.7064)
_respawns = true

[node name="Coin122" parent="Coins" instance=ExtResource("6_hxcah")]
transform = Transform3D(1, 0, 0, 0, 1, 0, 0, 0, 1, 8.59485, 4.90153, -39.7192)
_respawns = true

[node name="Coin66" parent="Coins" instance=ExtResource("6_hxcah")]
transform = Transform3D(1, 0, 0, 0, 1, 0, 0, 0, 1, 12.3996, 4.53307, 22.3123)
_respawns = true

[node name="Coin67" parent="Coins" instance=ExtResource("6_hxcah")]
transform = Transform3D(1, 0, 0, 0, 1, 0, 0, 0, 1, 16.6154, 4.53307, 9.11614)
_respawns = true

[node name="Coin94" parent="Coins" instance=ExtResource("6_hxcah")]
transform = Transform3D(1, 0, 0, 0, 1, 0, 0, 0, 1, 22.525, 5.16183, 1.91501)
_respawns = true

[node name="Coin97" parent="Coins" instance=ExtResource("6_hxcah")]
transform = Transform3D(1, 0, 0, 0, 1, 0, 0, 0, 1, 22.525, 5.16183, 3.70072)
_respawns = true

[node name="Coin103" parent="Coins" instance=ExtResource("6_hxcah")]
transform = Transform3D(1, 0, 0, 0, 1, 0, 0, 0, 1, 32.0679, 5.7759, 3.70699)
_respawns = true

[node name="Coin104" parent="Coins" instance=ExtResource("6_hxcah")]
transform = Transform3D(1, 0, 0, 0, 1, 0, 0, 0, 1, 34.8985, 4.69723, 0.0273175)
_respawns = true

[node name="Coin106" parent="Coins" instance=ExtResource("6_hxcah")]
transform = Transform3D(1, 0, 0, 0, 1, 0, 0, 0, 1, 33.5918, 5.30111, 1.86191)
_respawns = true

[node name="Coin105" parent="Coins" instance=ExtResource("6_hxcah")]
transform = Transform3D(1, 0, 0, 0, 1, 0, 0, 0, 1, 37.2437, 4.97054, -3.12669)
_respawns = true

[node name="Coin95" parent="Coins" instance=ExtResource("6_hxcah")]
transform = Transform3D(1, 0, 0, 0, 1, 0, 0, 0, 1, 22.525, 5.04629, -0.378648)
_respawns = true

[node name="Coin96" parent="Coins" instance=ExtResource("6_hxcah")]
transform = Transform3D(1, 0, 0, 0, 1, 0, 0, 0, 1, 22.525, 4.80751, -3.03405)
_respawns = true

[node name="Coin68" parent="Coins" instance=ExtResource("6_hxcah")]
transform = Transform3D(1, 0, 0, 0, 1, 0, 0, 0, 1, 16.6154, 4.53307, -14.7119)
_respawns = true

[node name="Coin98" parent="Coins" instance=ExtResource("6_hxcah")]
transform = Transform3D(1, 0, 0, 0, 1, 0, 0, 0, 1, 28.6411, 4.53307, -14.7119)
_respawns = true

[node name="Coin99" parent="Coins" instance=ExtResource("6_hxcah")]
transform = Transform3D(1, 0, 0, 0, 1, 0, 0, 0, 1, 28.6411, 8.39806, -23.326)
_respawns = true

[node name="Coin100" parent="Coins" instance=ExtResource("6_hxcah")]
transform = Transform3D(1, 0, 0, 0, 1, 0, 0, 0, 1, 33.2098, 8.39806, -23.326)
_respawns = true

[node name="Coin101" parent="Coins" instance=ExtResource("6_hxcah")]
transform = Transform3D(1, 0, 0, 0, 1, 0, 0, 0, 1, 37.8944, 7.11883, -23.326)
_respawns = true

[node name="Coin102" parent="Coins" instance=ExtResource("6_hxcah")]
transform = Transform3D(1, 0, 0, 0, 1, 0, 0, 0, 1, 42.1914, 5.47405, -23.326)
_respawns = true

[node name="Coin153" parent="Coins" instance=ExtResource("6_hxcah")]
transform = Transform3D(1, 0, 0, 0, 1, 0, 0, 0, 1, 34.0575, -4.64147, -24.6137)
_respawns = true

[node name="Coin154" parent="Coins" instance=ExtResource("6_hxcah")]
transform = Transform3D(1, 0, 0, 0, 1, 0, 0, 0, 1, 34.0575, -4.64147, -23.7056)
_respawns = true

[node name="Coin155" parent="Coins" instance=ExtResource("6_hxcah")]
transform = Transform3D(1, 0, 0, 0, 1, 0, 0, 0, 1, 34.5137, -4.64147, -24.0415)
_respawns = true

[node name="Coin156" parent="Coins" instance=ExtResource("6_hxcah")]
transform = Transform3D(1, 0, 0, 0, 1, 0, 0, 0, 1, 33.7334, -4.64147, -24.0415)
_respawns = true

[node name="Coin69" parent="Coins" instance=ExtResource("6_hxcah")]
transform = Transform3D(1, 0, 0, 0, 1, 0, 0, 0, 1, 20.6874, 4.53307, -16.0822)
_respawns = true

[node name="Coin70" parent="Coins" instance=ExtResource("6_hxcah")]
transform = Transform3D(1, 0, 0, 0, 1, 0, 0, 0, 1, 32.5665, 4.91653, -9.55695)
_respawns = true

[node name="Coin77" parent="Coins" instance=ExtResource("6_hxcah")]
transform = Transform3D(1, 0, 0, 0, 1, 0, 0, 0, 1, 31.3491, 5.06042, -9.55695)
_respawns = true

[node name="Coin71" parent="Coins" instance=ExtResource("6_hxcah")]
transform = Transform3D(1, 0, 0, 0, 1, 0, 0, 0, 1, 34.1274, 4.53307, -9.55695)
_respawns = true

[node name="Coin72" parent="Coins" instance=ExtResource("6_hxcah")]
transform = Transform3D(1, 0, 0, 0, 1, 0, 0, 0, 1, 36.0915, 4.12932, -9.55695)
_respawns = true

[node name="Coin73" parent="Coins" instance=ExtResource("6_hxcah")]
transform = Transform3D(1, 0, 0, 0, 1, 0, 0, 0, 1, 37.4025, 3.71331, -9.55695)
_respawns = true

[node name="Coin74" parent="Coins" instance=ExtResource("6_hxcah")]
transform = Transform3D(1, 0, 0, 0, 1, 0, 0, 0, 1, 38.8196, 3.39526, -9.55695)
_respawns = true

[node name="Coin75" parent="Coins" instance=ExtResource("6_hxcah")]
transform = Transform3D(1, 0, 0, 0, 1, 0, 0, 0, 1, 40.3693, 2.80785, -9.55695)
_respawns = true

[node name="Coin76" parent="Coins" instance=ExtResource("6_hxcah")]
transform = Transform3D(1, 0, 0, 0, 1, 0, 0, 0, 1, 41.6321, 2.40417, -9.55695)
_respawns = true

[node name="Coin16" parent="Coins" instance=ExtResource("6_hxcah")]
transform = Transform3D(1, 0, 0, 0, 1, 0, 0, 0, 1, -27.1349, 0.258062, 26.454)
_respawns = true

[node name="Coin17" parent="Coins" instance=ExtResource("6_hxcah")]
transform = Transform3D(1, 0, 0, 0, 1, 0, 0, 0, 1, -24.5589, 0.258062, 26.454)
_respawns = true

[node name="Coin18" parent="Coins" instance=ExtResource("6_hxcah")]
transform = Transform3D(1, 0, 0, 0, 1, 0, 0, 0, 1, -25.8755, 0.258062, 26.454)
_respawns = true

[node name="Coin19" parent="Coins" instance=ExtResource("6_hxcah")]
transform = Transform3D(1, 0, 0, 0, 1, 0, 0, 0, 1, 20.0283, 0.258062, 26.454)
_respawns = true

[node name="Coin20" parent="Coins" instance=ExtResource("6_hxcah")]
transform = Transform3D(1, 0, 0, 0, 1, 0, 0, 0, 1, 18.7064, 0.258062, 26.454)
_respawns = true

[node name="Coin21" parent="Coins" instance=ExtResource("6_hxcah")]
transform = Transform3D(1, 0, 0, 0, 1, 0, 0, 0, 1, 17.1074, 0.258062, 26.454)
_respawns = true

[node name="Coin27" parent="Coins" instance=ExtResource("6_hxcah")]
transform = Transform3D(1, 0, 0, 0, 1, 0, 0, 0, 1, 31.3431, 0.258062, 26.454)
_respawns = true

[node name="Coin32" parent="Coins" instance=ExtResource("6_hxcah")]
transform = Transform3D(1, 0, 0, 0, 1, 0, 0, 0, 1, 31.3431, 0.258062, 14.9806)
_respawns = true

[node name="Coin33" parent="Coins" instance=ExtResource("6_hxcah")]
transform = Transform3D(1, 0, 0, 0, 1, 0, 0, 0, 1, 34.6187, 0.258062, -4.28266)
_respawns = true

[node name="Coin78" parent="Coins" instance=ExtResource("6_hxcah")]
transform = Transform3D(1, 0, 0, 0, 1, 0, 0, 0, 1, 44.8187, 2.97825, -4.28266)
_respawns = true

[node name="Coin79" parent="Coins" instance=ExtResource("6_hxcah")]
transform = Transform3D(1, 0, 0, 0, 1, 0, 0, 0, 1, 44.8187, 2.97825, 0.0318718)
_respawns = true

[node name="Coin80" parent="Coins" instance=ExtResource("6_hxcah")]
transform = Transform3D(1, 0, 0, 0, 1, 0, 0, 0, 1, 44.8187, 2.97825, 6.00779)
_respawns = true

[node name="Coin81" parent="Coins" instance=ExtResource("6_hxcah")]
transform = Transform3D(1, 0, 0, 0, 1, 0, 0, 0, 1, -52.4904, 2.97825, -4.27078)
_respawns = true

[node name="Coin82" parent="Coins" instance=ExtResource("6_hxcah")]
transform = Transform3D(1, 0, 0, 0, 1, 0, 0, 0, 1, -50.8732, 2.97825, -4.27078)
_respawns = true

[node name="Coin83" parent="Coins" instance=ExtResource("6_hxcah")]
transform = Transform3D(1, 0, 0, 0, 1, 0, 0, 0, 1, -54.5058, 2.97825, -4.27078)
_respawns = true

[node name="Coin84" parent="Coins" instance=ExtResource("6_hxcah")]
transform = Transform3D(1, 0, 0, 0, 1, 0, 0, 0, 1, -45.0308, 2.97825, 8.65949)
_respawns = true

[node name="Coin85" parent="Coins" instance=ExtResource("6_hxcah")]
transform = Transform3D(1, 0, 0, 0, 1, 0, 0, 0, 1, -39.8205, 4.62961, 8.65949)
_respawns = true

[node name="Coin86" parent="Coins" instance=ExtResource("6_hxcah")]
transform = Transform3D(1, 0, 0, 0, 1, 0, 0, 0, 1, -37.0545, 4.83121, 8.65949)
_respawns = true

[node name="Coin34" parent="Coins" instance=ExtResource("6_hxcah")]
transform = Transform3D(1, 0, 0, 0, 1, 0, 0, 0, 1, 34.6187, 0.258062, 6.32842)
_respawns = true

[node name="Coin35" parent="Coins" instance=ExtResource("6_hxcah")]
transform = Transform3D(1, 0, 0, 0, 1, 0, 0, 0, 1, 39.2966, 0.258062, 1.05316)
_respawns = true

[node name="Coin36" parent="Coins" instance=ExtResource("6_hxcah")]
transform = Transform3D(1, 0, 0, 0, 1, 0, 0, 0, 1, 39.2966, 0.258062, -15.5333)
_respawns = true

[node name="Coin37" parent="Coins" instance=ExtResource("6_hxcah")]
transform = Transform3D(1, 0, 0, 0, 1, 0, 0, 0, 1, 31.5281, 0.258062, -26.2775)
_respawns = true

[node name="Coin38" parent="Coins" instance=ExtResource("6_hxcah")]
transform = Transform3D(1, 0, 0, 0, 1, 0, 0, 0, 1, 27.2663, 0.258062, -28.0956)
_respawns = true

[node name="Coin39" parent="Coins" instance=ExtResource("6_hxcah")]
transform = Transform3D(1, 0, 0, 0, 1, 0, 0, 0, 1, 24.8438, 0.258062, -28.0956)
_respawns = true

[node name="Coin40" parent="Coins" instance=ExtResource("6_hxcah")]
transform = Transform3D(1, 0, 0, 0, 1, 0, 0, 0, 1, 21.8616, 0.258062, -28.0956)
_respawns = true

[node name="Coin41" parent="Coins" instance=ExtResource("6_hxcah")]
transform = Transform3D(1, 0, 0, 0, 1, 0, 0, 0, 1, 18.5582, 0.258062, -28.0956)
_respawns = true

[node name="Coin42" parent="Coins" instance=ExtResource("6_hxcah")]
transform = Transform3D(1, 0, 0, 0, 1, 0, 0, 0, 1, 15.3358, 0.258062, -28.0956)
_respawns = true

[node name="Coin43" parent="Coins" instance=ExtResource("6_hxcah")]
transform = Transform3D(1, 0, 0, 0, 1, 0, 0, 0, 1, 12.1086, 0.258062, -28.0956)
_respawns = true

[node name="Coin44" parent="Coins" instance=ExtResource("6_hxcah")]
transform = Transform3D(1, 0, 0, 0, 1, 0, 0, 0, 1, 12.1086, 0.258062, -34.9779)
_respawns = true

[node name="Coin45" parent="Coins" instance=ExtResource("6_hxcah")]
transform = Transform3D(1, 0, 0, 0, 1, 0, 0, 0, 1, 4.22052, 0.258062, -39.3877)
_respawns = true

[node name="Coin46" parent="Coins" instance=ExtResource("6_hxcah")]
transform = Transform3D(1, 0, 0, 0, 1, 0, 0, 0, 1, -7.91388, 0.258062, -26.1041)
_respawns = true

[node name="Coin47" parent="Coins" instance=ExtResource("6_hxcah")]
transform = Transform3D(1, 0, 0, 0, 1, 0, 0, 0, 1, -7.91388, 0.258062, -18.3125)
_respawns = true

[node name="Coin48" parent="Coins" instance=ExtResource("6_hxcah")]
transform = Transform3D(1, 0, 0, 0, 1, 0, 0, 0, 1, -9.53399, 0.258062, -12.0802)
_respawns = true

[node name="Coin49" parent="Coins" instance=ExtResource("6_hxcah")]
transform = Transform3D(1, 0, 0, 0, 1, 0, 0, 0, 1, -13.3524, 0.258062, -5.35755)
_respawns = true

[node name="Coin50" parent="Coins" instance=ExtResource("6_hxcah")]
transform = Transform3D(1, 0, 0, 0, 1, 0, 0, 0, 1, -21.3619, 0.258062, -4.21082)
_respawns = true

[node name="Coin87" parent="Coins" instance=ExtResource("6_hxcah")]
transform = Transform3D(1, 0, 0, 0, 1, 0, 0, 0, 1, -21.3619, 4.2096, -12.4269)
_respawns = true

[node name="Coin88" parent="Coins" instance=ExtResource("6_hxcah")]
transform = Transform3D(1, 0, 0, 0, 1, 0, 0, 0, 1, -24.8849, 4.2096, -12.4269)
_respawns = true

[node name="Coin89" parent="Coins" instance=ExtResource("6_hxcah")]
transform = Transform3D(1, 0, 0, 0, 1, 0, 0, 0, 1, 1.49685, 5.36121, -23.0614)
_respawns = true

[node name="Coin90" parent="Coins" instance=ExtResource("6_hxcah")]
transform = Transform3D(1, 0, 0, 0, 1, 0, 0, 0, 1, -1.62163, 5.22634, -23.0614)
_respawns = true

[node name="Coin91" parent="Coins" instance=ExtResource("6_hxcah")]
transform = Transform3D(1, 0, 0, 0, 1, 0, 0, 0, 1, -4.19095, 4.94622, -23.0614)
_respawns = true

[node name="Coin92" parent="Coins" instance=ExtResource("6_hxcah")]
transform = Transform3D(1, 0, 0, 0, 1, 0, 0, 0, 1, -6.85337, 4.74908, -23.0614)
_respawns = true

[node name="Coin93" parent="Coins" instance=ExtResource("6_hxcah")]
transform = Transform3D(1, 0, 0, 0, 1, 0, 0, 0, 1, -9.33959, 4.38598, -23.0614)
_respawns = true

[node name="Coin51" parent="Coins" instance=ExtResource("6_hxcah")]
transform = Transform3D(1, 0, 0, 0, 1, 0, 0, 0, 1, -34.7627, 0.293767, -8.83662)
_respawns = true

[node name="Coin55" parent="Coins" instance=ExtResource("6_hxcah")]
transform = Transform3D(1, 0, 0, 0, 1, 0, 0, 0, 1, -33.604, 0.327855, -21.8977)
_respawns = true

[node name="Coin56" parent="Coins" instance=ExtResource("6_hxcah")]
transform = Transform3D(1, 0, 0, 0, 1, 0, 0, 0, 1, -28.0301, 0.327855, -27.842)
_respawns = true

[node name="Coin58" parent="Coins" instance=ExtResource("6_hxcah")]
transform = Transform3D(1, 0, 0, 0, 1, 0, 0, 0, 1, -23.9949, 0.327855, -27.842)
_respawns = true

[node name="Coin59" parent="Coins" instance=ExtResource("6_hxcah")]
transform = Transform3D(1, 0, 0, 0, 1, 0, 0, 0, 1, -22.1039, 0.327855, -27.842)
_respawns = true

[node name="Coin60" parent="Coins" instance=ExtResource("6_hxcah")]
transform = Transform3D(1, 0, 0, 0, 1, 0, 0, 0, 1, -20.3673, 0.327855, -27.842)
_respawns = true

[node name="Coin61" parent="Coins" instance=ExtResource("6_hxcah")]
transform = Transform3D(1, 0, 0, 0, 1, 0, 0, 0, 1, -18.5046, 0.327855, -27.842)
_respawns = true

[node name="Coin62" parent="Coins" instance=ExtResource("6_hxcah")]
transform = Transform3D(1, 0, 0, 0, 1, 0, 0, 0, 1, -18.5046, 0.327855, -27.842)
_respawns = true

[node name="Coin57" parent="Coins" instance=ExtResource("6_hxcah")]
transform = Transform3D(1, 0, 0, 0, 1, 0, 0, 0, 1, -26.1468, 0.327855, -27.8209)
_respawns = true

[node name="Coin52" parent="Coins" instance=ExtResource("6_hxcah")]
transform = Transform3D(1, 0, 0, 0, 1, 0, 0, 0, 1, -43.3146, 0.516851, -1.34623)
_respawns = true

[node name="Coin53" parent="Coins" instance=ExtResource("6_hxcah")]
transform = Transform3D(1, 0, 0, 0, 1, 0, 0, 0, 1, -43.3146, 0.484979, 4.43285)
_respawns = true

[node name="Coin54" parent="Coins" instance=ExtResource("6_hxcah")]
transform = Transform3D(1, 0, 0, 0, 1, 0, 0, 0, 1, -38.175, 0.205098, 12.7845)
_respawns = true

[node name="Coin28" parent="Coins" instance=ExtResource("6_hxcah")]
transform = Transform3D(1, 0, 0, 0, 1, 0, 0, 0, 1, 35.4358, 1.72275, 32.4487)
_respawns = true

[node name="Coin29" parent="Coins" instance=ExtResource("6_hxcah")]
transform = Transform3D(1, 0, 0, 0, 1, 0, 0, 0, 1, 37.8367, 1.10108, 35.4651)
_respawns = true

[node name="Coin30" parent="Coins" instance=ExtResource("6_hxcah")]
transform = Transform3D(1, 0, 0, 0, 1, 0, 0, 0, 1, 41.8531, 0.840581, 40.6054)
_respawns = true

[node name="Coin31" parent="Coins" instance=ExtResource("6_hxcah")]
transform = Transform3D(1, 0, 0, 0, 1, 0, 0, 0, 1, 47.3718, 0.279195, 47.5793)
_respawns = true

[node name="Coin22" parent="Coins" instance=ExtResource("6_hxcah")]
transform = Transform3D(1, 0, 0, 0, 1, 0, 0, 0, 1, 6.04352, 0.258062, 25.5866)
_respawns = true

[node name="Coin23" parent="Coins" instance=ExtResource("6_hxcah")]
transform = Transform3D(1, 0, 0, 0, 1, 0, 0, 0, 1, 4.66903, 0.258062, 21.1296)
_respawns = true

[node name="Coin24" parent="Coins" instance=ExtResource("6_hxcah")]
transform = Transform3D(1, 0, 0, 0, 1, 0, 0, 0, 1, 6.73519, 0.680913, 21.1296)
_respawns = true

[node name="Coin25" parent="Coins" instance=ExtResource("6_hxcah")]
transform = Transform3D(1, 0, 0, 0, 1, 0, 0, 0, 1, 6.73519, 1.99598, 21.1296)
_respawns = true

[node name="Coin26" parent="Coins" instance=ExtResource("6_hxcah")]
transform = Transform3D(1, 0, 0, 0, 1, 0, 0, 0, 1, 6.73519, 3.49915, 21.1296)
_respawns = true

[node name="Coin13" parent="Coins" instance=ExtResource("6_hxcah")]
transform = Transform3D(1, 0, 0, 0, 1, 0, 0, 0, 1, -27.1349, 3.49689, 26.6015)
_respawns = true

[node name="Coin14" parent="Coins" instance=ExtResource("6_hxcah")]
transform = Transform3D(1, 0, 0, 0, 1, 0, 0, 0, 1, -27.1349, 2.74146, 31.8515)
_respawns = true

[node name="Coin15" parent="Coins" instance=ExtResource("6_hxcah")]
transform = Transform3D(1, 0, 0, 0, 1, 0, 0, 0, 1, -27.1349, 0.787725, 37.4156)
_respawns = true

[node name="Wackables" type="Node3D" parent="."]

[node name="Jackoolantern" parent="Wackables" instance=ExtResource("8_ulieu")]
transform = Transform3D(0.901213, 0, 0.433376, 0, 1, 0, -0.433376, 0, 0.901213, -5.47782, 1.89658, 0.88554)

[node name="Jackoolantern5" parent="Wackables" instance=ExtResource("8_ulieu")]
transform = Transform3D(0.802432, 0, 0.596743, -0.0317616, 0.998583, 0.0427093, -0.595897, -0.0532248, 0.801295, -21.4932, 1.89658, 2.40016)

[node name="Jackoolantern6" parent="Wackables" instance=ExtResource("8_ulieu")]
transform = Transform3D(0.802432, 0, 0.596743, -0.0317616, 0.998583, 0.0427093, -0.595897, -0.0532248, 0.801295, -28.4791, 1.89658, 3.90122)

[node name="Jackoolantern7" parent="Wackables" instance=ExtResource("8_ulieu")]
transform = Transform3D(0.988171, 0.0377871, -0.148624, -0.0317616, 0.998583, 0.0427093, 0.150027, -0.0374836, 0.987971, -30.6557, 1.89658, 5.57709)

[node name="Jackoolantern8" parent="Wackables" instance=ExtResource("8_ulieu")]
transform = Transform3D(0.831369, 0.00267517, 0.555714, -0.0317616, 0.998583, 0.0427093, -0.554812, -0.0531576, 0.830275, -30.6557, 1.89658, 16.5887)

[node name="Jackoolantern9" parent="Wackables" instance=ExtResource("8_ulieu")]
transform = Transform3D(0.872235, 0.0485577, -0.486669, -0.0317616, 0.998583, 0.0427093, 0.488054, -0.0217952, 0.872541, -8.76074, 1.89658, 21.1375)

[node name="Jackoolantern30" parent="Wackables" instance=ExtResource("8_ulieu")]
transform = Transform3D(0.458575, 0.052527, -0.887102, -0.0317616, 0.998583, 0.0427093, 0.888088, 0.00859033, 0.459593, -13.6076, 1.89658, 11.9849)

[node name="Jackoolantern10" parent="Wackables" instance=ExtResource("8_ulieu")]
transform = Transform3D(0.99692, 0.0347163, -0.0703202, -0.0317616, 0.998583, 0.0427093, 0.0717033, -0.0403443, 0.996609, -6.24865, 3.87986, 17.7013)

[node name="Jackoolantern11" parent="Wackables" instance=ExtResource("8_ulieu")]
transform = Transform3D(0.759581, 0.0518892, -0.648339, -0.0317616, 0.998583, 0.0427093, 0.649636, -0.0118489, 0.760153, 2.06952, 3.87986, 19.0558)

[node name="Jackoolantern12" parent="Wackables" instance=ExtResource("8_ulieu")]
transform = Transform3D(0.808782, 0.00057129, 0.588108, -0.0317616, 0.998583, 0.0427093, -0.58725, -0.0532218, 0.807654, 2.12974, 1.77715, 15.1032)

[node name="Jackoolantern13" parent="Wackables" instance=ExtResource("8_ulieu")]
transform = Transform3D(0.905512, 0.0468386, -0.421728, -0.0317616, 0.998583, 0.0427093, 0.423131, -0.0252791, 0.905716, 27.9167, 3.99771, 15.1032)

[node name="Jackoolantern14" parent="Wackables" instance=ExtResource("8_ulieu")]
transform = Transform3D(0.724493, 0.0524388, -0.687284, -0.0317616, 0.998583, 0.0427093, 0.68855, -0.00911338, 0.725131, 28.778, 3.99771, 11.996)

[node name="Jackoolantern31" parent="Wackables" instance=ExtResource("8_ulieu")]
transform = Transform3D(0.992619, 0.0365181, -0.115647, -0.0317616, 0.998583, 0.0427093, 0.117043, -0.0387209, 0.992371, 11.5274, 5.38247, 17.5236)

[node name="Jackoolantern32" parent="Wackables" instance=ExtResource("8_ulieu")]
transform = Transform3D(0.999494, 0.0317906, -1.06543e-06, -0.0317616, 0.998583, 0.0427093, 0.00135884, -0.0426877, 0.999087, 14.3906, 5.3237, 17.2109)

[node name="Jackoolantern33" parent="Wackables" instance=ExtResource("8_ulieu")]
transform = Transform3D(0.817738, 0.0505324, -0.573368, -0.0317616, 0.998583, 0.0427093, 0.574713, -0.016714, 0.818184, 22.633, -0.159025, 26.65)

[node name="Jackoolantern34" parent="Wackables" instance=ExtResource("8_ulieu")]
transform = Transform3D(0.953367, 0.0430996, -0.298719, -0.0317616, 0.998583, 0.0427093, 0.300136, -0.0312299, 0.953385, 11.7629, -0.159025, 26.65)

[node name="Jackoolantern35" parent="Wackables" instance=ExtResource("8_ulieu")]
transform = Transform3D(0.925389, 0.0132329, 0.378786, -0.0317616, 0.998583, 0.0427093, -0.377684, -0.0515536, 0.924498, 3.71896, -0.159025, 24.3933)

[node name="Jackoolantern36" parent="Wackables" instance=ExtResource("8_ulieu")]
transform = Transform3D(0.935416, 0.0447521, -0.350705, -0.0317616, 0.998583, 0.0427093, 0.352119, -0.028812, 0.935511, -22.7153, -0.159025, 26.2287)

[node name="Jackoolantern15" parent="Wackables" instance=ExtResource("8_ulieu")]
transform = Transform3D(0.915608, 0.0462051, -0.399409, 0.0280278, 0.983625, 0.17804, 0.401095, -0.17421, 0.899318, 28.778, 3.99771, 23.6459)

[node name="Jackoolantern16" parent="Wackables" instance=ExtResource("8_ulieu")]
transform = Transform3D(0.968055, 0.0201011, 0.249931, -0.0317616, 0.998583, 0.0427093, -0.248718, -0.0492832, 0.967321, 24.8987, 3.99771, 23.6459)

[node name="Jackoolantern17" parent="Wackables" instance=ExtResource("8_ulieu")]
transform = Transform3D(0.985877, 0.03833, -0.163023, -0.00621777, 0.981163, 0.193089, 0.167353, -0.189348, 0.967543, 22.1174, 3.99771, 23.6459)

[node name="Jackoolantern18" parent="Wackables" instance=ExtResource("8_ulieu")]
transform = Transform3D(0.985877, 0.03833, -0.163023, -0.0317616, 0.998583, 0.0427093, 0.164429, -0.0369283, 0.985697, 17.7135, 3.99771, 23.6459)

[node name="Jackoolantern19" parent="Wackables" instance=ExtResource("8_ulieu")]
transform = Transform3D(0.903618, 0.0104265, 0.428212, 0.0413862, 0.992902, -0.11151, -0.426335, 0.118484, 0.896772, 14.4101, 3.99771, 23.6459)

[node name="Jackoolantern20" parent="Wackables" instance=ExtResource("8_ulieu")]
transform = Transform3D(0.769412, -0.102871, -0.630415, 0.0413862, 0.992902, -0.11151, 0.637411, 0.0597065, 0.768207, 11.7412, 3.99771, -7.2204)

[node name="Jackoolantern21" parent="Wackables" instance=ExtResource("8_ulieu")]
transform = Transform3D(0.874838, 0.017901, 0.484085, 0.0413862, 0.992902, -0.11151, -0.482645, 0.117587, 0.867886, -13.2062, 3.84166, -11.6437)

[node name="Jackoolantern26" parent="Wackables" instance=ExtResource("8_ulieu")]
transform = Transform3D(0.829434, 0.0280834, 0.557898, 0.0413862, 0.992902, -0.11151, -0.55707, 0.115579, 0.822383, -11.3071, 3.84166, -15.2561)

[node name="Jackoolantern22" parent="Wackables" instance=ExtResource("8_ulieu")]
transform = Transform3D(0.874838, 0.017901, 0.484085, -0.0177081, 0.999832, -0.00497074, -0.484092, -0.00422352, 0.875007, -18.598, 3.93719, -11.1988)

[node name="Jackoolantern24" parent="Wackables" instance=ExtResource("8_ulieu")]
transform = Transform3D(0.874838, 0.017901, 0.484085, -0.0177081, 0.999832, -0.00497074, -0.484092, -0.00422352, 0.875007, -17.2052, 3.93719, -12.7468)

[node name="Jackoolantern23" parent="Wackables" instance=ExtResource("8_ulieu")]
transform = Transform3D(0.781115, 0.0169375, 0.624157, -0.0177081, 0.999832, -0.00497074, -0.624136, -0.00716981, 0.781283, -20.4411, 3.93719, -10.3254)

[node name="Jackoolantern25" parent="Wackables" instance=ExtResource("8_ulieu")]
transform = Transform3D(0.420036, 0.0119507, 0.907428, -0.0177081, 0.999832, -0.00497074, -0.907335, -0.0139809, 0.420177, -21.3969, 3.93719, -7.78505)

[node name="Jackoolantern27" parent="Wackables" instance=ExtResource("8_ulieu")]
transform = Transform3D(0.576056, 0.00613877, -0.817387, -0.0177081, 0.999832, -0.00497074, 0.817218, 0.0173378, 0.576067, -31.4657, 3.93719, -5.81033)

[node name="Jackoolantern28" parent="Wackables" instance=ExtResource("8_ulieu")]
transform = Transform3D(0.705217, 0.0160141, 0.70881, -0.0177081, 0.999832, -0.00497074, -0.70877, -0.00904614, 0.705381, -50.589, -0.298488, -7.15631)

[node name="Jackoolantern29" parent="Wackables" instance=ExtResource("8_ulieu")]
transform = Transform3D(0.183031, 0.00812921, 0.983073, -0.0177081, 0.999832, -0.00497074, -0.982948, -0.0164985, 0.183144, -50.589, -0.298488, 9.17891)

[node name="Jackoolantern2" parent="Wackables" instance=ExtResource("8_ulieu")]
transform = Transform3D(0.912191, 0, 0.409764, 0, 1, 0, -0.409764, 0, 0.912191, -6.28667, 1.98028, -6.01291)

[node name="Jackoolantern3" parent="Wackables" instance=ExtResource("8_ulieu")]
transform = Transform3D(0.961247, 0, 0.275688, 0, 1, 0, -0.275688, 0, 0.961247, -4.77146, 2.00965, -6.96405)

[node name="Jackoolantern4" parent="Wackables" instance=ExtResource("8_ulieu")]
transform = Transform3D(0.883201, 0, -0.468994, 0, 1, 0, 0.468994, 0, 0.883201, -0.0389802, 1.92225, -13.174)

[node name="Tombstone" parent="Wackables" instance=ExtResource("7_rjd1u")]
transform = Transform3D(0.865466, 0, -0.500967, 0, 1, 0, 0.500967, 0, 0.865466, -0.137844, -0.0714378, 5.07728)

[node name="Tombstone13" parent="Wackables" instance=ExtResource("7_rjd1u")]
transform = Transform3D(0.24436, 0, -0.969684, 0, 1, 0, 0.969684, 0, 0.24436, 4.91563, 2.08465, 4.19203)

[node name="Tombstone11" parent="Wackables" instance=ExtResource("7_rjd1u")]
transform = Transform3D(0.99221, 0, 0.124571, 0, 1, 0, -0.124571, 0, 0.99221, -0.869705, -0.0714378, -33.426)

[node name="Tombstone2" parent="Wackables" instance=ExtResource("7_rjd1u")]
transform = Transform3D(0.519444, 0, -0.854504, 0, 1, 0, 0.854504, 0, 0.519444, -9.28628, 0.143032, -2.15694)

